,0
0,Kofeina
1,Mo
2,Uni_Play
3,Feather
4,D0CTOR
5,Rexma
6,Bovan
7,Sclembi
8,KillerCake
9,Gillette
10,Hunter
11,Anctus
12,Skywalker
13,Murdock
14,YourDoctor
15,W.Jarvis
16,Speedking
17,Luanmh
18,Punisher
19,Kaczomen
20,Szopix
21,Ergones
22,Burger
23,Abramusas
24,Imbalance
25,GGanzer
26,angle
27,Bismark
28,BadNews
29,Berkin
30,Louis_Bolgarov
31,Exillius
32,Lord
33,Usagi
34,Tole
35,Lexus
36,Combat
37,niceguyphil
38,Zvuk
39,Chewie
40,Nebula
41,Patch
42,Lazar
43,Flappy
44,STim
45,Heinrich
46,RasaDeDam
47,Orbit
48,fresh_ziomal
49,Magnum
50,Bobi
51,Zex
52,Bruni
53,Yotza
54,Spud
55,Slux
56,Chak
57,Aris
58,Psion
59,EXOZ
60,seedorf
